# Camera list with one line of data per camera:
1 PINHOLE 1280 960 1066.6666 1066.6666 640.0 480.0
2 PINHOLE 1280 960 1066.6666 1066.6666 640.0 480.0
3 PINHOLE 1280 960 1066.6666 1066.6666 640.0 480.0
4 PINHOLE 1280 960 1066.6666 1066.6666 640.0 480.0
5 PINHOLE 1280 960 1066.6666 1066.6666 640.0 480.0
6 PINHOLE 1280 960 1066.6666 1066.6666 640.0 480.0
7 PINHOLE 1280 960 1066.6666 1066.6666 640.0 480.0
8 PINHOLE 1280 960 1066.6666 1066.6666 640.0 480.0
9 PINHOLE 1280 960 1066.6666 1066.6666 640.0 480.0
10 PINHOLE 1280 960 1066.6666 1066.6666 640.0 480.0
11 PINHOLE 1280 960 1066.6666 1066.6666 640.0 480.0
12 PINHOLE 1280 960 1066.6666 1066.6666 640.0 480.0
13 PINHOLE 1280 960 1066.6666 1066.6666 640.0 480.0
14 PINHOLE 1280 960 1066.6666 1066.6666 640.0 480.0
15 PINHOLE 1280 960 1066.6666 1066.6666 640.0 480.0
16 PINHOLE 1280 960 1066.6666 1066.6666 640.0 480.0
17 PINHOLE 1280 960 1066.6666 1066.6666 640.0 480.0
18 PINHOLE 1280 960 1066.6666 1066.6666 640.0 480.0
19 PINHOLE 1280 960 1066.6666 1066.6666 640.0 480.0
